2011.04006
2009.03457
2102.07350
2001.08361
2010.14701
2102.01293
2004.10802
2010.06891
2103.00453
2012.15688
2004.14996
2103.10385
2102.02557
2101.07632
2103.10360
2104.09864
2105.13880
2010.04505
2006.02014
2101.03216
2106.10715
2002.05867
2012.13048
2107.03374
2108.07732
2109.05729
2109.12575
2109.10686
2105.01601
2011.08115
2104.08773
2007.06559
2110.11945
2109.10862
2110.07602
2110.07577
2012.10586
2110.04366
2110.09456
2108.03265
2111.09954
1908.07919
1909.11065
2112.00114
2109.02102
2103.13033
2012.13048
2101.01169
2112.07658
2110.07904
2111.06719
2111.04130
2012.14388
